2 0.124594 0.290382 0.202110 0.398786
2 0.327110 0.310102 0.180195 0.300915
2 0.473214 0.321788 0.152597 0.289229
2 0.616071 0.342969 0.131494 0.238103
2 0.739042 0.349542 0.103084 0.233721
2 0.836039 0.380949 0.086039 0.167987
2 0.914773 0.393365 0.068182 0.128546
2 0.092127 0.720574 0.137175 0.233721
2 0.229302 0.727878 0.130682 0.230799
2 0.357955 0.716922 0.131494 0.238103
2 0.494724 0.716922 0.132305 0.241024
2 0.618101 0.722035 0.133929 0.236642
2 0.753247 0.711079 0.144481 0.226417
2 0.878653 0.730799 0.153409 0.268779