2 0.103896 0.174251 0.139610 0.282785
2 0.260146 0.193780 0.150162 0.315594
2 0.420860 0.203935 0.140422 0.307782
2 0.591721 0.180500 0.155844 0.257787
2 0.746753 0.189093 0.149351 0.249976
2 0.891640 0.196905 0.127435 0.268724
2 0.100649 0.475002 0.126623 0.262474
2 0.251218 0.502344 0.156656 0.235914
2 0.419643 0.505468 0.149351 0.251538
2 0.580763 0.493751 0.143669 0.268724
2 0.745130 0.493751 0.144481 0.243726
2 0.888393 0.492188 0.129058 0.278098
2 0.102273 0.787472 0.142857 0.268724
2 0.257305 0.794502 0.139610 0.257787
2 0.415179 0.778879 0.140422 0.254663
2 0.575893 0.804658 0.148539 0.246851
2 0.734984 0.792940 0.132305 0.267161
2 0.890828 0.786691 0.132305 0.235914