2 0.085213 0.093358 0.122807 0.151629
2 0.253133 0.090852 0.147870 0.119048
2 0.421053 0.087719 0.125313 0.147870
2 0.573935 0.087719 0.147870 0.127820
2 0.739975 0.097118 0.144110 0.146617
2 0.907268 0.097118 0.152882 0.129073
2 0.904762 0.268170 0.135338 0.162907
2 0.741855 0.252506 0.130326 0.129073
2 0.572055 0.250000 0.161654 0.151629
2 0.402256 0.255639 0.142857 0.150376
2 0.243108 0.244987 0.135338 0.146617
2 0.092732 0.246867 0.135338 0.147870
2 0.092732 0.414160 0.135338 0.136591
2 0.265664 0.421053 0.147870 0.142857
2 0.429198 0.414787 0.144110 0.135338
2 0.588346 0.424812 0.139098 0.135338
2 0.750627 0.417293 0.142857 0.150376
2 0.912907 0.423559 0.131579 0.167920
2 0.091479 0.569549 0.147870 0.131579
2 0.255639 0.581454 0.155388 0.132832
2 0.426692 0.582707 0.134085 0.140351
2 0.588346 0.578321 0.146617 0.119048
2 0.760025 0.576441 0.131579 0.140351
2 0.911028 0.582080 0.160401 0.136591
2 0.095238 0.733083 0.157895 0.152882
2 0.253133 0.743108 0.130326 0.142857
2 0.420426 0.738722 0.149123 0.131579
2 0.578321 0.739975 0.129073 0.146617
2 0.748120 0.746867 0.140351 0.160401
2 0.912281 0.744987 0.150376 0.151629
2 0.906642 0.903509 0.161654 0.135338
2 0.734962 0.902256 0.136591 0.135338
2 0.578321 0.904762 0.136591 0.137845
2 0.421053 0.895990 0.152882 0.125313
2 0.262531 0.917293 0.131579 0.147870
2 0.090226 0.914160 0.162907 0.139098